chat_id,first_name,last_name,trello_username
1529410360,__ødil,,Odiljon Toirjonov
